# Created by Octave 4.2.2, Wed Aug 04 16:52:05 2021 PDT <kmiller@kmiller-OptiPlex-7050>
# name: ff1pA
# type: matrix
# rows: 49
# columns: 49
 -0.002352413153065603 -0.002587078671044941 -0.00282447014131478 -0.003023601694126045 -0.003234007693127122 -0.003387244114171529 -0.003470730893067922 -0.003483206178726595 -0.003432541990228893 -0.00328076159286537 -0.003065186106247686 -0.002768761689393282 -0.002429541102894897 -0.002086069995803936 -0.001734883624377467 -0.001388200750512324 -0.001092441777992728 -0.0008285451149643872 -0.0006113930908078884 -0.000445435746470568 -0.0003193097433365935 -0.0002313591728944509 -0.0001715957545765563 -0.0001386375950752159 -0.0001281123300393938 -0.0001381249499024183 -0.000171863860045259 -0.000229859671615716 -0.0003157587142454641 -0.0004390116580974044 -0.0005979244833085549 -0.0008068110360326404 -0.00105574266919258 -0.001336431502636649 -0.001647614015388104 -0.001969881986476952 -0.002275975535870258 -0.002568343843190417 -0.002793144724729111 -0.002968271641883128 -0.003040360333755306 -0.003055179428709358 -0.002972723814576476 -0.002859703252744187 -0.002686841262742987 -0.002500749195232851 -0.002294484982095367 -0.002090979276357379 -0.001912125455133662
 -0.002413085936605793 -0.00265366862074355 -0.002921413993182337 -0.003173211375792457 -0.003417588554269458 -0.003628992354364868 -0.003789846078104979 -0.003874078079375011 -0.003872659054199983 -0.003788952042598923 -0.003602129062695319 -0.003350466144316948 -0.002998781709098175 -0.002632748540644285 -0.002243222706694726 -0.001834603501021836 -0.001472579953263013 -0.001144076153131812 -0.0008723489413482181 -0.0006489700953910489 -0.0004772014766580014 -0.0003548440883972836 -0.0002714669450229562 -0.0002254440159488116 -0.0002094191095070808 -0.0002241833311763472 -0.0002716787007333353 -0.0003532916553448988 -0.0004745963493715984 -0.000640075533123319 -0.000848215232811241 -0.001117297189960164 -0.001431723943916579 -0.001767649055756268 -0.002127061272940871 -0.00247478029836017 -0.002799287580064195 -0.003070605352560966 -0.003278380177927245 -0.003407150320397367 -0.003433408867409821 -0.00337305272384702 -0.003234419519190483 -0.00306296348734027 -0.002851934119177021 -0.002610706427326042 -0.002385836055155108 -0.002163034879547474 -0.001972387168004987
 -0.00246412926646261 -0.002708896265485395 -0.003005149851300778 -0.003306201559869637 -0.003615080985871065 -0.003875293652572765 -0.004098335692491571 -0.00427019215324121 -0.004349603295769794 -0.004336221390402979 -0.004209599683834175 -0.003973868049990694 -0.003673215636763009 -0.003281124305468574 -0.002868582274166922 -0.002408247714464237 -0.001990234405985322 -0.001585121239017456 -0.001235982080804687 -0.0009471629950015604 -0.0007176023360120721 -0.0005440235566464633 -0.0004290685833881162 -0.0003632717911612329 -0.0003408113114331098 -0.0003625048877036093 -0.0004299428504249231 -0.0005470259919431217 -0.0007159518622498521 -0.0009367534132912441 -0.001210013206592728 -0.001556843524903741 -0.001924766660856974 -0.002312307263258928 -0.002729886352754441 -0.003092777387351949 -0.003420108896000051 -0.003676113628336937 -0.003837727375762261 -0.00387476717305943 -0.003829874381333686 -0.003709258482179245 -0.003493299597803765 -0.003261563592207578 -0.00298187737654303 -0.002727642364978623 -0.002461918087713528 -0.002220324071071602 -0.002024520016583635
 -0.00250968116972888 -0.002761157905632321 -0.003080327232685071 -0.003407292571648849 -0.003782178221448378 -0.004094518106259132 -0.004412145594526345 -0.004666324559330795 -0.004837853020385198 -0.004921237717072512 -0.004887458246919617 -0.004716708797919566 -0.004441278891234132 -0.004078009341039585 -0.003642199879131458 -0.003146920896552452 -0.00265819406986269 -0.002183523833886712 -0.001747578381616682 -0.001373625982096141 -0.00107238012345915 -0.0008419601012040602 -0.0006811006872224593 -0.0005859700827549682 -0.0005559018704303717 -0.0005880430411651138 -0.0006823282538553508 -0.0008444278843032352 -0.001074165891161955 -0.001369841646356275 -0.001722195614470831 -0.002139559326921146 -0.002574143611394595 -0.003023009443001907 -0.003450603784483047 -0.003834594543426901 -0.004137812334471533 -0.00433640483635328 -0.004411413230551581 -0.004389492646888088 -0.004240877742182156 -0.004040659144028562 -0.003741506714098526 -0.00345454353297923 -0.003133364841021122 -0.002814260213768586 -0.002523085036903669 -0.002263844500462241 -0.002030244889639465
 -0.002537454329022125 -0.002825012535811957 -0.003157875908893924 -0.003506736088460188 -0.003909223571777851 -0.004315789548972677 -0.004694864579934267 -0.005054369758676171 -0.005334256279314782 -0.0055080790521859 -0.005582755608478972 -0.005524302000436898 -0.005319831514801112 -0.005003449863484355 -0.00457541377325728 -0.004048002403611949 -0.003506629002410471 -0.002969331783639405 -0.002437743301619917 -0.001995097798556625 -0.00159236683570887 -0.001281083714592676 -0.001071335257256919 -0.0009375635878212947 -0.0008976755233944698 -0.0009435596821492055 -0.001074141979677696 -0.001295188103342285 -0.001603045177715166 -0.001977911696412743 -0.002413393776006739 -0.002904750500318566 -0.003411900016641908 -0.003896940967035811 -0.004341721339535682 -0.004709077754163774 -0.004940839548825853 -0.005061980502918296 -0.005042705201730927 -0.004903894899391911 -0.004659399260433784 -0.004350750546721677 -0.003968162485523914 -0.003606757364667915 -0.003230603085126939 -0.002875471496949831 -0.002565643716261725 -0.002268379834724609 -0.002044507244193754
 -0.002533947237856844 -0.00282943804593328 -0.00318724650905085 -0.003559817364613495 -0.004034899273684537 -0.004481481206763159 -0.004960354832604489 -0.005418027818902296 -0.005797248426706127 -0.006135512626129385 -0.006323522541982529 -0.006398016725817065 -0.006302275905547773 -0.006057485326447372 -0.005689017923194748 -0.005154488154209145 -0.004608553112201339 -0.00399764560806049 -0.003387963376772732 -0.002830842554286452 -0.002340276768890496 -0.001944172749325911 -0.001661812980042125 -0.001491707374336687 -0.00143332925951456 -0.00149428003935584 -0.001666311821791321 -0.001955393941682131 -0.002346467788859826 -0.002821619021226108 -0.003340280908927698 -0.003916501855614057 -0.004469793189091987 -0.004958840302406411 -0.005381073301605102 -0.00567963141876177 -0.005846724430005629 -0.005839778798970653 -0.005676860443318353 -0.005417576927386019 -0.005065199631245557 -0.004636709897161658 -0.004165898845370306 -0.003739889479027599 -0.003304041328306511 -0.00289950706193291 -0.002555340675794957 -0.002250088890979154 -0.00198656498681261
 -0.002460651675898021 -0.00281617896803513 -0.003180440316533133 -0.00359547692751328 -0.00409993047520952 -0.004614436240460233 -0.005170316047281453 -0.005758203996236565 -0.00626641564516229 -0.0067123018813166 -0.00710751180246197 -0.007321450979139935 -0.007386130344218706 -0.007263203420568591 -0.006987101920368856 -0.006520473752717954 -0.005965348354637172 -0.005337561753171234 -0.004635185905735455 -0.004002944833143823 -0.003400649665647802 -0.002914989209882912 -0.002558328697975856 -0.002349392474370586 -0.002272572547580363 -0.002352102626468624 -0.002579434366967854 -0.002941242007459229 -0.003413222600006799 -0.003984311614432893 -0.004585394699792315 -0.005223206719809203 -0.005790235986494112 -0.006252747625345081 -0.006590618483646011 -0.006796068221622026 -0.006822314133674602 -0.006652822150510439 -0.006332976193729093 -0.005925981419836307 -0.005402610383755748 -0.004884945932593976 -0.004289944037604306 -0.003789751690611368 -0.003309494195973812 -0.002877428507108246 -0.002489579749187058 -0.002164228858729745 -0.001904038466016443
 -0.002369087306687899 -0.002705117054646235 -0.003092785259087 -0.003543753445727042 -0.004093526231047888 -0.004657478517026454 -0.005316736105647518 -0.006017244622812298 -0.006652574498563004 -0.007274868062928876 -0.007851610557607008 -0.008292540986304947 -0.008565875768673138 -0.008625297715494131 -0.008498851152015848 -0.008146801533281803 -0.007669223428439296 -0.007037360242866192 -0.006333117336444804 -0.005631607410905409 -0.004940254316502994 -0.004384524242211471 -0.003964471272893769 -0.003713320753357893 -0.003625419256516824 -0.00373746990225578 -0.004005375124033678 -0.004400804868378467 -0.004956201384616709 -0.005598167210126425 -0.006254891687071366 -0.006894095549959948 -0.007424718898008495 -0.007788503803506631 -0.008015619121245222 -0.008025191579846965 -0.00785778465998223 -0.007487663987250303 -0.006962860909651428 -0.006375309895933903 -0.005684773791715931 -0.005024428741680801 -0.004365112982738998 -0.003777307918277617 -0.003255145381707476 -0.002781123747977605 -0.002373093879519571 -0.002063900757204265 -0.001788675560954805
 -0.002168691202622497 -0.002517856865094125 -0.002932117666577524 -0.003399801352460222 -0.003995712866168497 -0.004641400416260954 -0.005378877393753965 -0.006205109144641841 -0.00695017726023995 -0.007758155005417326 -0.008531129986002186 -0.009223826296318913 -0.009741440847139956 -0.01005524837396643 -0.01018001519562148 -0.01003255786687879 -0.009674788611847002 -0.009120562412180868 -0.008433811043032974 -0.00767321389269186 -0.006971390256496234 -0.006350797046876628 -0.005800367853471298 -0.005435838585101336 -0.005335649215522893 -0.005475753658020707 -0.005835678510818308 -0.006406626399416388 -0.006990610070011029 -0.007664271532127121 -0.008324466040417327 -0.008913485689964699 -0.009352945543502149 -0.00956911125760161 -0.009523486555242086 -0.009334257319738627 -0.008901538247693035 -0.008270596710521124 -0.007512243118654977 -0.006722349159416663 -0.005908543892966911 -0.005116203622028237 -0.004315869555998042 -0.003679537878116878 -0.003129036191783625 -0.002632707223371914 -0.002188909850405169 -0.001857751541039296 -0.001610336377295286
 -0.001887068314780396 -0.002245873111813086 -0.002670640458297469 -0.003172155077758388 -0.003807476112854368 -0.004493239527039184 -0.00529889106063861 -0.006214756117741572 -0.007097545789516391 -0.008097773242633334 -0.009112401677429653 -0.01008032488107973 -0.01088652786312509 -0.01153144526266596 -0.01195254648759243 -0.01208641582761902 -0.01197658416252252 -0.01162160169217284 -0.01103122546374151 -0.01033590641289605 -0.009570547094992716 -0.00880683020838962 -0.008216664137033486 -0.007862462125661406 -0.007762770812274057 -0.007886935429113886 -0.008267292426239003 -0.008861747326986738 -0.009589489372618682 -0.01028224821835285 -0.01088126297554106 -0.01132800568803765 -0.01155005531798593 -0.01150043364084951 -0.01117797706134386 -0.01064474764119546 -0.00988797183105215 -0.008956949956084622 -0.007932996899095332 -0.006917592367639639 -0.005932882539328947 -0.005063093995596726 -0.004173960731045523 -0.003500586097028927 -0.002905757236459048 -0.002369594087783419 -0.001931411559098148 -0.00161645723172303 -0.001370158446082809
 -0.001517403547095855 -0.001898524095708934 -0.002299464748116807 -0.002794015243665298 -0.00346581743354197 -0.004181592328419095 -0.005006342689574135 -0.006064654415851108 -0.007076931755100508 -0.008240229332807056 -0.009485765445145365 -0.0107547793353482 -0.01194363792151185 -0.01297845167790192 -0.01377314416961452 -0.01435779982549207 -0.01456091059349239 -0.01454023527354344 -0.0140807422511528 -0.01352172618286836 -0.01275097212886801 -0.01209823057286472 -0.01144896604628697 -0.01096282900876913 -0.01081564517268031 -0.01102196778435973 -0.01151838154461598 -0.01219964866200358 -0.01282025727768168 -0.01350543702587966 -0.01388614941131083 -0.01415953989607786 -0.01403037944121255 -0.01359466797070724 -0.01286064013591505 -0.01190866077629241 -0.01083871363804354 -0.009544567088334772 -0.008186106687875679 -0.006978564516232983 -0.005831139529362334 -0.004836748746844471 -0.003888717434798678 -0.003163246320320675 -0.002573995292076915 -0.002052362300102114 -0.001603966220747527 -0.00130153805465211 -0.001010570722198308
 -0.001054475049157498 -0.001400505992351793 -0.00182198479395624 -0.002277321177493157 -0.002944584653439999 -0.003693268969576391 -0.004552998896056417 -0.005659568829875342 -0.006801352705425581 -0.008097508040912867 -0.009598853879555568 -0.01116794884953567 -0.01274983098320642 -0.01416301493110323 -0.01543719573506205 -0.01645628230270499 -0.01717777291516703 -0.0174697007923908 -0.01735934699094724 -0.0168869070848193 -0.01625052433100789 -0.01541673421360897 -0.0147807713656894 -0.01438110570945406 -0.01421971048155843 -0.01449919382489347 -0.01489804609905123 -0.01550528585530127 -0.0163074728222097 -0.01684743078154104 -0.01713802454777862 -0.01705189879940969 -0.01653784071316057 -0.01566691315643249 -0.01441851868946943 -0.01299287347718422 -0.01144305965865487 -0.009813806389536394 -0.008212048284081718 -0.006753301947641574 -0.00549621164691633 -0.004447923787920384 -0.003403462276231453 -0.002703130062095715 -0.00208979522238739 -0.001572591126264888 -0.001185331458842253 -0.0008419302065834719 -0.0005960143194396122
 -0.000490941627764784 -0.0008031276887879786 -0.001164462984927633 -0.001629578263331071 -0.002245436263687987 -0.002968086564993048 -0.003858187752994586 -0.004980298492954364 -0.006182661119251639 -0.007617726769766003 -0.009340022155161311 -0.01115194030180413 -0.01305734383136605 -0.01492569162630173 -0.0166775623701793 -0.0182514797550931 -0.01934776439045993 -0.02002071166450805 -0.0200760614721299 -0.01969397270359455 -0.01886624269710066 -0.01781597513459856 -0.01686247487378583 -0.01636034163125694 -0.01631008377065787 -0.01647415378067737 -0.01700597854231003 -0.01799271245729836 -0.01897952946465943 -0.01969625678484841 -0.01983852309860334 -0.01955866709456977 -0.01867046161936888 -0.01733144177242352 -0.01551458931807348 -0.01363473975508531 -0.0117074618939691 -0.00976627424659678 -0.007826087605997454 -0.006274540755388552 -0.004858214421730306 -0.003807566158790718 -0.002736336615526057 -0.002019995844167967 -0.001423207692664196 -0.0009764006547302174 -0.0005767432465899155 -0.0003023519513995698 -7.364380864109351e-05
 0.0001635750484271347 -9.21181572475775e-05 -0.0003829850439224196 -0.0007772758698476843 -0.001385340860464257 -0.002009731894556019 -0.002847191619628328 -0.003976361227822797 -0.005158586903532401 -0.006647648098555752 -0.008476694425732708 -0.01054333635563906 -0.01273753795441378 -0.01494418677120142 -0.01706194707077656 -0.01906220050813075 -0.02046646616865412 -0.02130151541527971 -0.02126275503003917 -0.02054774753138779 -0.01907868446304551 -0.01739435526686822 -0.01574129162020333 -0.01472675312842549 -0.01433603073044196 -0.01489620070316113 -0.01594884773107586 -0.01764081469210841 -0.01930837364466275 -0.02054529957982399 -0.02108259453935823 -0.02083295745059096 -0.0197771380352543 -0.0180923322308144 -0.01591305088746723 -0.01364941715299848 -0.01134153005119682 -0.009137505189128892 -0.007005443761467401 -0.00537577646853242 -0.003957669338067672 -0.002872658812215389 -0.00185710633607656 -0.001169166917720682 -0.000666292283729554 -0.0002297011786865238 0.0001196839713759853 0.0003583442920011426 0.0005243943518243256
 0.0009362805002008524 0.0007687860263201371 0.00051367233233271 0.0002110469256554379 -0.000243577828815371 -0.0008238689484822298 -0.001567112962469935 -0.002614747099570144 -0.00368844262764481 -0.005140089157735428 -0.006948980920867836 -0.009125742583579771 -0.01147732262051299 -0.01385654542403531 -0.01609984643301921 -0.01816335731965173 -0.019447868736266 -0.0197933587329726 -0.0188868691631838 -0.01695653502939539 -0.01400863605502296 -0.01050705472867778 -0.007312934834861831 -0.005041195178658853 -0.004313654956158058 -0.005287788960037172 -0.00762173062414189 -0.0108554064221247 -0.01425399329885112 -0.01703845876506927 -0.01879893817592866 -0.01943304115281437 -0.01883511383297826 -0.01727610246168788 -0.01499508723086494 -0.0126202535900539 -0.01021455848889853 -0.007844322852442338 -0.005710370476632218 -0.004051635492552174 -0.002638685908955034 -0.001664037423222251 -0.0006961028935445967 -0.0001128615543923831 0.0003197666165989108 0.0006572572000398736 0.000928524477030074 0.001110321229823672 0.001212119486536208
 0.001767938949262594 0.001695905079683956 0.001538809767620612 0.001371221682382676 0.001047891219374608 0.0006346651923038358 9.42820491274797e-05 -0.0007766186394038729 -0.001767663991736687 -0.003010337344896787 -0.004756905247476367 -0.006743908238947906 -0.009014521851167346 -0.0111272713684048 -0.0130869073660677 -0.01463578188639333 -0.01498205523808157 -0.01375434132643603 -0.01061143776719599 -0.005740619780914689 0.0006867401834176716 0.0076200125904113 0.01384728791140412 0.01848734088098909 0.02023371579413888 0.01822073668829532 0.01343646610472491 0.007088291888396018 0.0001929020311248826 -0.006069066958707943 -0.01065749311099355 -0.01359254191551792 -0.01456849188657488 -0.0139757514106556 -0.01218112840272228 -0.01011323527445059 -0.007958055637021273 -0.005709114971789619 -0.003641703436500286 -0.002077494111968652 -0.0009294937717151531 -7.597655853455997e-05 0.000666026824417339 0.001148641476474376 0.00142617237996704 0.001677411276353607 0.001842034363363348 0.001940760327736623 0.001967771223472214
 0.00268767180424244 0.002705248340185803 0.002749197928161943 0.002689287546750923 0.002568176455153321 0.002339295156717479 0.001991821725989672 0.001321315612222903 0.0006611688940808351 -0.0002712846773868497 -0.001625801219179273 -0.003258817889203321 -0.005024843051342078 -0.006557942551718854 -0.007372681601635869 -0.007477539410212975 -0.005477382259070412 -0.0009339222933127584 0.006781546832261322 0.0171699068843095 0.02980701120689373 0.04299148963946973 0.05460147352383175 0.06256381724340927 0.06582102942816181 0.06220792835616684 0.05403296357382621 0.04225272030035395 0.02909118273991336 0.01653076465223192 0.00637265976713511 -0.00106008516660123 -0.005360792914657709 -0.007180229891164749 -0.006887564127053204 -0.005898610220242326 -0.004354665220015538 -0.002584118063062385 -0.0009132080366932795 0.0003226433835731674 0.001270383467240407 0.001725981274813371 0.002313202448991894 0.002596215111491476 0.002716070973453853 0.002800129435950662 0.0028417532423949 0.002839765955537706 0.002726627070415269
 0.003712827319601519 0.003826154972069194 0.003963357996400257 0.004158802768101254 0.004193022123880605 0.004208482137097074 0.004150823311637289 0.003845126945284485 0.003574663320830013 0.003037896121199043 0.002273761030908848 0.001356780976663597 0.0004619335675418846 0.000330340029436682 0.001398851320216964 0.00412496579511338 0.01033183826756796 0.02062858762402916 0.03584008617794178 0.05520894664383581 0.07808050180730858 0.1013450086921338 0.1215893370952239 0.1366977648720236 0.1408390872537571 0.1363425323999475 0.1210021512772982 0.1004900773107249 0.07700102403034056 0.05441630375860746 0.03509629946329186 0.02008523238272532 0.00997226519742659 0.003968133876744254 0.00142105168724628 0.0005064702408608044 0.0006678899888217508 0.00156123982708256 0.002580948386686308 0.003215776095330121 0.003747768889462384 0.003887383857706137 0.004167036978767373 0.004189081026198666 0.0041069129024186 0.004000135541455866 0.003848062570360011 0.00369663338685981 0.003482078576001175
 0.004665290316150863 0.004926110243099981 0.005219928916284088 0.005574311069345118 0.005888339240738059 0.006199498690813746 0.006442422884034945 0.006495371230226602 0.006793920892772262 0.006964605539060168 0.006858505912149167 0.006962874961228541 0.007504798989848831 0.009442652351316567 0.0135426280733161 0.02062168783411028 0.03313627591263756 0.05192582838767814 0.07840855370061071 0.1109935558973928 0.1482309713502668 0.1858778540896885 0.2187360114291513 0.2410863083966062 0.2513760204071605 0.2404530601316523 0.2177630720618102 0.1848209090966946 0.1469211678224527 0.1097088979745314 0.07727033294559735 0.05087374319166684 0.03222112228142149 0.01995409989685315 0.01300760486550113 0.009060161654462094 0.007184648056369658 0.006625042285633578 0.006693476063747829 0.006629454045558763 0.006608600332645613 0.006232306017405191 0.006132025337457854 0.005854505248365803 0.005507658864287458 0.005195378104510436 0.004865159233627504 0.004502083357523002 0.0041700982751498
 0.005546457144809998 0.005966873003359515 0.006396468760896825 0.006945521181289956 0.007586842510429761 0.00813036969167529 0.0087763912767035 0.009259085570543177 0.01010200256037004 0.01100257970808494 0.01190975961917911 0.01325493881535353 0.0157025607216889 0.02032959474418243 0.02838460910019099 0.04147169654851611 0.0621938658687359 0.09236367964054286 0.1335120564349023 0.1832572251273061 0.2395113082480509 0.2958995453549342 0.3442932824626748 0.3783660108603139 0.3888069443102485 0.3778787333108769 0.3433477073438577 0.2944705768257999 0.2381325315285495 0.1818064651386611 0.1320504518490067 0.09097834372956717 0.06093492792634421 0.04028471419624777 0.02745223206192617 0.01952169662644311 0.01494133161601018 0.01250953347710882 0.01133411352640638 0.01032130609128581 0.009558677235015477 0.008704380753232854 0.008101671140291179 0.007533081105445537 0.006919133612307453 0.006387633938638679 0.00581602086801671 0.00532884662937067 0.004830470414839245
 0.006264908177459885 0.006835833763877475 0.007468392650482194 0.008198246263359394 0.009038154787131551 0.009898947053348104 0.01084328721203745 0.01190647031771411 0.01336508764731628 0.01504080107372914 0.01695445711241504 0.01979375558425508 0.02437433101503414 0.03218032419890775 0.04491870555717292 0.06494827842488046 0.09546500209459297 0.1388751392239559 0.1971812667404673 0.266860015656229 0.345250632592393 0.4231075624273155 0.4904328879395165 0.5358172448615058 0.5508794227785444 0.5354555522016724 0.4894804413113118 0.4217054833763132 0.3436937040686319 0.2652665507856581 0.1955138231311809 0.1373025503894348 0.09387026889761101 0.06353064170289016 0.04364081391701753 0.03100516334845349 0.02324666039402504 0.01874295911117561 0.01609651809407038 0.01408008117318792 0.01252590598070115 0.01114281502099116 0.01010380918738972 0.009127881675561245 0.008227734354552091 0.007437867571845324 0.006705264915091154 0.006036019942156703 0.005405242720957615
 0.006790541069757796 0.007514271901549565 0.008261213471604315 0.009180377767809734 0.01022174214915311 0.01136680258767063 0.01269127712562172 0.01413627365498967 0.01615856287807234 0.01857573538406998 0.02160575110965558 0.02585359378708808 0.03253824987127726 0.0436208442627799 0.06130249039039097 0.08831117645541399 0.1289875985964513 0.1862330896042572 0.2620791167824185 0.3523595927890388 0.453238163772541 0.5534319059109756 0.6393490731121706 0.6973495628027863 0.7175434498297364 0.6970040565464665 0.6383230359039747 0.5522603391949105 0.4517598650905007 0.3508799894529243 0.2605467588170885 0.184617602964247 0.1274301954904015 0.08682546315524015 0.05988037139227429 0.04235677761247517 0.03137708807558079 0.02468177600376621 0.02066653119622237 0.01755977999879232 0.01530702929623832 0.01332605863569832 0.01188499853111975 0.0105356459523533 0.009409065023961808 0.008377722396431142 0.007512681793101524 0.00667509502784742 0.005906878243095629
 0.007110327727178273 0.00789995273099423 0.008774328618994307 0.009856029698157735 0.01106156693802884 0.01243942707206414 0.01404310271447649 0.01577051189692974 0.01825831801215032 0.02132176511590835 0.02524040543091139 0.03072118851639559 0.03931954211974524 0.05320810159989475 0.07511220984245258 0.1085049546335823 0.1580690117660534 0.2273042798711086 0.318706528067875 0.4270231700435014 0.5477714483810162 0.6675003846803563 0.7697113197922462 0.8393153447347378 0.8630595235020766 0.838911921154335 0.7691369624781056 0.6664959428227816 0.5467110519615387 0.4258433872410567 0.3174194513035498 0.2259082271288046 0.1567481026622901 0.1072018587297405 0.0739453781981005 0.05217451646591307 0.03829770022980273 0.02981794758000655 0.02440479551014858 0.02048218651760566 0.01754819651128536 0.01505711390731018 0.01333120615329569 0.01177370416754592 0.01037378279184123 0.009172309798723638 0.008161403530059501 0.007195731725203639 0.006388247477747827
 0.007181575788515731 0.008016555608791071 0.00900292474661913 0.01014771112841708 0.01143802945375135 0.01297780423246754 0.01477450414294487 0.01679679594537432 0.01957831636553362 0.02295139782283475 0.02750362624531059 0.03379880107185263 0.04365095984443422 0.05952115563720527 0.08430499191677535 0.1220420383775419 0.1776862041878468 0.2552287731483068 0.3574009394607902 0.4781947632510185 0.6125859040836582 0.7455366820989067 0.8594288394838941 0.9367781681981712 0.9638754810347299 0.9366033925343851 0.8590631776984201 0.745068485790099 0.6119870848743291 0.4775400078869814 0.3566842045398064 0.254501888730275 0.176916112822138 0.1212730566644621 0.08362110615370225 0.0589075805139644 0.04314036781800333 0.03326051683700293 0.02702053540496623 0.0225047721647035 0.01915749173774658 0.01634194018235537 0.01437132040510255 0.01256315651200998 0.011087325210288 0.009792158669317224 0.008652557083680863 0.007662071404993346 0.006764650948667999
 0.00705646458601602 0.007947613085088347 0.008950842358499512 0.01015067325200438 0.01144609008659736 0.01298618409235869 0.01487165688985961 0.01695166282816603 0.01984866563328684 0.02342064373663104 0.02810642702943224 0.03468330182121378 0.04503629053007219 0.06151167135695361 0.08729256016060856 0.1265637645230915 0.1843484763047763 0.2649536040055157 0.3708557325410324 0.496209447700478 0.6354448850827216 0.7732637005905251 0.8912857179640089 0.9714694873895958 1 0.9714695229322218 0.8912857179640089 0.7732636100980392 0.6354448850827216 0.4962077614843612 0.3708557325410324 0.2649546904176238 0.1843484763047763 0.1265636739802001 0.08729268341508165 0.06151167135695361 0.04503717979564611 0.03468330182121378 0.02810642702943224 0.02342064373663104 0.01984866563328684 0.01695166282816603 0.01487165688985961 0.01298618409235869 0.01144609008659736 0.01015067325200438 0.008950842358499512 0.007947612582554579 0.00705646458601602
 0.006764650948667999 0.007662071404993346 0.008652557083680863 0.009792158669317224 0.011087325210288 0.01256315651200998 0.0143699565221993 0.01634194018235537 0.01915749173774658 0.0225047721647035 0.02702053540496623 0.03326051683700293 0.04313976186161139 0.0589075805139644 0.08362110615370225 0.1212730642354016 0.176916112822138 0.254501888730275 0.3566842045398064 0.4775400078869814 0.6119880110102626 0.7450664236910188 0.8590631776984201 0.9366031977453915 0.9638754810347299 0.9367781681981712 0.8594288394838941 0.7455366820989067 0.6125859040836582 0.4781947632510185 0.3574011310322941 0.2552287731483068 0.1776862041878468 0.1220420383775419 0.08430498440591272 0.05952115563720527 0.04365227971653921 0.03379880107185263 0.02750362624531059 0.02295139782283475 0.01957831636553362 0.01679679594537432 0.01477450414294487 0.01297780423246754 0.01143802945375135 0.01014771112841708 0.00900292474661913 0.008016555608791071 0.00718157548369836
 0.006388247477747827 0.007195731725203639 0.008161403530059501 0.009172309798723638 0.01037381956445969 0.01177370416754592 0.01333120615329569 0.01505712048715049 0.01754819651128536 0.02048218651760566 0.02440479551014858 0.02981794758000655 0.03829732357512589 0.05217451646591307 0.07394316427285023 0.1072020528375182 0.1567481026622901 0.2259082271288046 0.3174198737613213 0.4258433872410567 0.5467107145185586 0.6664985544627938 0.7691343128313427 0.838911921154335 0.8630595235020766 0.8393153447347378 0.7697090303250274 0.6675003846803563 0.5477714483810162 0.4270231700435014 0.318706528067875 0.2273042798711086 0.1580690117660534 0.1085049546335823 0.07511232659280541 0.05320810159989475 0.0393213102886752 0.03072105273656721 0.02524040543091139 0.02132176511590835 0.01825831801215032 0.01577051189692974 0.01404310271447649 0.01243942707206414 0.01106156693802884 0.009856029698157735 0.008774328618994307 0.00789995273099423 0.007110327727178273
 0.005906878243095629 0.00667509502784742 0.007512681793101524 0.008377722396431142 0.009409065023961808 0.0105356459523533 0.01188499853111975 0.01332605863569832 0.01530701765781303 0.01755977999879232 0.02066653119622237 0.02468177600376621 0.03137879278701453 0.04235676834863287 0.05988037139227429 0.08682600919352615 0.1274301954904015 0.1846172376068165 0.2605467588170885 0.3508830804482486 0.4517598650905007 0.5522603391949105 0.6383230359039747 0.6970040565464665 0.7175434498297364 0.6973534625947088 0.6393490731121706 0.553433755788435 0.4532395870587443 0.3523595927890388 0.2620791167824185 0.1862330896042572 0.1289875985964513 0.08831117645541399 0.06130249039039097 0.0436208442627799 0.03254054443399935 0.02585359378708808 0.02160575110965558 0.01857573538406998 0.01615858699850115 0.01413627365498967 0.01269119985152634 0.01136680258767063 0.01022174214915311 0.009180377767809734 0.008261213471604315 0.007514271901549565 0.006790541069757796
 0.005405242720957615 0.006035744321183382 0.006705264915091154 0.007437867571845324 0.008227734354552091 0.009127881675561245 0.01010380918738972 0.01114281502099116 0.01252590598070115 0.01408008117318792 0.01609651809407038 0.01874295911117561 0.02324690177503528 0.03100516334845349 0.04364081391701753 0.06353052717785497 0.09387026889761101 0.1373025503894348 0.1955138231311809 0.2652665507856581 0.3436937040686319 0.4217054833763132 0.4894804413113118 0.5354598319173991 0.5508749074466911 0.5358172448615058 0.4904384028984128 0.4231075237517217 0.3452539017428787 0.266860015656229 0.1971812667404673 0.1388751392239559 0.09546500209459297 0.06494827842488046 0.04491870555717292 0.03218032419890775 0.02437708918833611 0.01979377392710433 0.01695445711241504 0.01504080107372914 0.01336508764731628 0.01190647031771411 0.01084328721203745 0.009898947053348104 0.009038154787131551 0.008198246263359394 0.007468392650482194 0.006835833763877475 0.006264908177459885
 0.00483092245590879 0.005328837178064785 0.00581602086801671 0.006387633938638679 0.006919133612307453 0.007533081105445537 0.008101671140291179 0.008704380753232854 0.009560052171238547 0.01032130609128581 0.01133411352640638 0.01250953347710882 0.01494124245393043 0.01952169662644311 0.02745223206192617 0.04028471419624777 0.06093497288067149 0.09097626153395456 0.1320504518490067 0.1818064651386611 0.2381325315285495 0.2944705768257999 0.3433436908481449 0.3778787333108769 0.3888051788294039 0.3783660108603139 0.3442932824626748 0.2958995453549342 0.2395113082480509 0.1832572251273061 0.1335112902432977 0.09236367964054286 0.0621938658687359 0.04147169654851611 0.02838460910019099 0.02032959474418243 0.01570599718116435 0.01325493881535353 0.01190975915117757 0.01100257970808494 0.01009993928019745 0.009259085570543177 0.008776601655985754 0.00813036969167529 0.007586842510429761 0.006945521181289956 0.006396468760896825 0.005966873003359515 0.005546457144809998
 0.0041700982751498 0.004502083357523002 0.004865159233627504 0.005195354825727813 0.005507658864287458 0.005854505248365803 0.006132025337457854 0.006232306017405191 0.006608600332645613 0.006629454045558763 0.006693476063747829 0.006625042285633578 0.007184593698474992 0.009060161654462094 0.01300760486550113 0.01995409989685315 0.03222112228142149 0.05087542510457209 0.07727033294559735 0.1097088979745314 0.1469211678224527 0.1848209090966946 0.2177630720618102 0.2404530601316523 0.2513760204071605 0.2410863083966062 0.2187360114291513 0.1858778540896885 0.1482309713502668 0.1109935558973928 0.07840855370061071 0.05192582838767814 0.03313153097693319 0.02062168783411028 0.0135426280733161 0.009442652351316567 0.007508255867569302 0.006962874961228541 0.006858505912149167 0.006964605539060168 0.006793920892772262 0.006495371230226602 0.006442420560815372 0.006199498690813746 0.005888339240738059 0.005574311069345118 0.005219928916284088 0.004926110243099981 0.004665290316150863
 0.003482078576001175 0.00369663338685981 0.003848073690115205 0.004000135541455866 0.0041069129024186 0.004189081026198666 0.004167036978767373 0.003887383857706137 0.003747784916430703 0.003215776095330121 0.002580948386686308 0.00156123982708256 0.0006678400422398163 0.0005064702408608044 0.00142105168724628 0.003968133876744254 0.00997226519742659 0.02008490241010462 0.03509629946329186 0.05441630375860746 0.07700102403034056 0.1004895875668009 0.1210021512772982 0.1363425323999475 0.1408390872537571 0.1366977648720236 0.121589046265419 0.1013450086921338 0.07808050180730858 0.05520894664383581 0.03584008617794178 0.02062858762402916 0.01033182899896229 0.00412496579511338 0.001398851320216964 0.000330340029436682 0.0004653886172241275 0.001356780976663597 0.002273761030908848 0.003037894131037855 0.003574663320830013 0.003845126945284485 0.004150823311637289 0.004208482137097074 0.004193022123880605 0.004158795626060834 0.003963357996400257 0.003826154972069194 0.003712827319601519
 0.002726627070415269 0.002839765955537706 0.002843076397552821 0.002800129435950662 0.002716070973453853 0.002596215111491476 0.002313202448991894 0.001725981274813371 0.001270383467240407 0.0003226433835731674 -0.0009132080366932795 -0.002584118063062385 -0.004354702314494504 -0.005898610220242326 -0.006887564127053204 -0.007180229891164749 -0.005360792914657709 -0.00106008516660123 0.00637265976713511 0.01653076465223192 0.02909118273991336 0.04225272030035395 0.05403296357382621 0.06220792835616684 0.06582102942816181 0.06256381724340927 0.05460147352383175 0.04299148963946973 0.02980701120689373 0.01716975497907237 0.006781546832261322 -0.0009339222933127584 -0.005477382259070412 -0.007477539410212975 -0.007372723783745691 -0.006557942551718854 -0.005021305003192544 -0.003258817889203321 -0.001625801219179273 -0.0002712855102873963 0.0006611688940808351 0.001321315612222903 0.001991821725989672 0.002339295156717479 0.00256801931254529 0.002689287546750923 0.002749197928161943 0.002705248340185803 0.00268767180424244
 0.001967771223472214 0.001940760327736623 0.001842034363363348 0.001677411276353607 0.00142617237996704 0.001148641476474376 0.000666026824417339 -7.597655853455997e-05 -0.0009294937717151531 -0.002077494111968652 -0.003641703436500286 -0.005709114971789619 -0.007958088163104489 -0.01011323527445059 -0.01218112840272228 -0.0139757514106556 -0.01456849188657488 -0.01359254191551792 -0.01065749311099355 -0.006069066958707943 0.0001929020311248826 0.007088291888396018 0.01343646610472491 0.018221458274466 0.02023371579413888 0.01848734088098909 0.01384728791140412 0.0076200125904113 0.0006867401834176716 -0.005740619780914689 -0.01061143776719599 -0.01375434132643603 -0.01498205523808157 -0.01463578188639333 -0.0130869073660677 -0.01112800780706859 -0.009011195136316 -0.006743908238947906 -0.004756905247476367 -0.003010337344896787 -0.001767663991736687 -0.0007770995556046545 9.42820491274797e-05 0.0006346651923038358 0.001047891219374608 0.001371221682382676 0.001538809767620612 0.001695905079683956 0.001767938949262594
 0.001212119486536208 0.001110321229823672 0.000928524477030074 0.0006572572000398736 0.0003197666165989108 -0.0001128615543923831 -0.0006961028935445967 -0.001664037423222251 -0.002638685908955034 -0.004051635492552174 -0.005710370476632218 -0.007844322852442338 -0.0102145833084976 -0.0126202535900539 -0.01499508723086494 -0.01727610246168788 -0.01883511383297826 -0.01943304115281437 -0.01879893817592866 -0.01703845876506927 -0.01425399329885112 -0.0108554064221247 -0.00762173062414189 -0.005287788960037172 -0.004313654956158058 -0.005041195178658853 -0.007312934834861831 -0.01050705472867778 -0.01400863605502296 -0.01695624341959766 -0.01888572464089395 -0.0197933587329726 -0.019447868736266 -0.01816335731965173 -0.01609984643301921 -0.01385654542403531 -0.0114743645961216 -0.009125742583579771 -0.006948980920867836 -0.005140089157735428 -0.00368844262764481 -0.002614747099570144 -0.001567112962469935 -0.0008238775616051144 -0.000243577828815371 0.0002110469256554379 0.00051367233233271 0.0007687860263201371 0.0009362805002008524
 0.0005243943518243256 0.0003583442920011426 0.0001196839713759853 -0.0002297011786865238 -0.000666292283729554 -0.001169166917720682 -0.001857135097607334 -0.002872658812215389 -0.003957669338067672 -0.00537577646853242 -0.007005443761467401 -0.009137505189128892 -0.01134155127447294 -0.01364975559588187 -0.01591291927774539 -0.0180923322308144 -0.0197771380352543 -0.02083295745059096 -0.02108259453935823 -0.02054529957982399 -0.01930837364466275 -0.01764081469210841 -0.01594884773107586 -0.0148973459282849 -0.01433531268815598 -0.01472675312842549 -0.01574129162020333 -0.01739435526686822 -0.01907868446304551 -0.02054774753138779 -0.02126275503003917 -0.02130151541527971 -0.02046646616865412 -0.01906220050813075 -0.01706194707077656 -0.01494418677120142 -0.01273505403529377 -0.01054259672592874 -0.008476694425732708 -0.006647996367592584 -0.005158586903532401 -0.003976361227822797 -0.002847191619628328 -0.002009723319925579 -0.001385340860464257 -0.0007772758698476843 -0.0003829850439224196 -9.21181572475775e-05 0.0001635750484271347
 -7.364380864109351e-05 -0.0003023519513995698 -0.0005767432465899155 -0.0009764006547302174 -0.001423207692664196 -0.002019995844167967 -0.002736336615526057 -0.003807566158790718 -0.004858214421730306 -0.006274540755388552 -0.007826087605997454 -0.00976627424659678 -0.01170796530455562 -0.01363473975508531 -0.01551458931807348 -0.01733144177242352 -0.01867124860345486 -0.01955824342144954 -0.01983852309860334 -0.01969625678484841 -0.01897952946465943 -0.01799271245729836 -0.01700597854231003 -0.01647415378067737 -0.01631008377065787 -0.01636034163125694 -0.01686310440752412 -0.01781597513459856 -0.01886624269710066 -0.01969397270359455 -0.0200760614721299 -0.02002080036087963 -0.01934776439045993 -0.0182514797550931 -0.0166775623701793 -0.01492569162630173 -0.0130553373468636 -0.01115194030180413 -0.009339975915730469 -0.007617726769766003 -0.006182661119251639 -0.004980298492954364 -0.003858187752994586 -0.002968086564993048 -0.002245436263687987 -0.001629578263331071 -0.001164462984927633 -0.0008031276887879786 -0.000490941627764784
 -0.0005960143194396122 -0.0008419302065834719 -0.001185331458842253 -0.001572591126264888 -0.00208979522238739 -0.002703130062095715 -0.003403462276231453 -0.004447827423737494 -0.00549621164691633 -0.006753529807643951 -0.008212048284081718 -0.009813600266765133 -0.01144307400241316 -0.01299054153872914 -0.01441851868946943 -0.01566691315643249 -0.01653784071316057 -0.01705189879940969 -0.01713802454777862 -0.01684743078154104 -0.01630765083941203 -0.01550528585530127 -0.01489804609905123 -0.01449919382489347 -0.01421971048155843 -0.01438110570945406 -0.0147807713656894 -0.01541665674129102 -0.01625052433100789 -0.0168869070848193 -0.01735934699094724 -0.0174697007923908 -0.01717777291516703 -0.01645628230270499 -0.01543700889931064 -0.01416301493110323 -0.01274828643797777 -0.01116794884953567 -0.009598853879555568 -0.008097508040912867 -0.006801352705425581 -0.005659568829875342 -0.004552998896056417 -0.003693268969576391 -0.002944584653439999 -0.002277321177493157 -0.00182198479395624 -0.001400505992351793 -0.001054475049157498
 -0.001010575974460538 -0.001301531128375555 -0.001603966220747527 -0.002052362300102114 -0.002573995292076915 -0.003163246320320675 -0.003888717434798678 -0.004836748746844471 -0.005831139529362334 -0.006978564516232983 -0.008186106687875679 -0.009544567088334772 -0.01083872484938518 -0.01190866077629241 -0.01286064013591505 -0.01359466797070724 -0.01403037944121255 -0.01415953989607786 -0.01388614941131083 -0.01350543702587966 -0.01282025727768168 -0.01219964866200358 -0.01151838154461598 -0.01102238923096181 -0.01081564517268031 -0.01096282900876913 -0.01144896604628697 -0.01209823057286472 -0.01275097212886801 -0.01352172618286836 -0.0140807422511528 -0.01454023527354344 -0.01456091059349239 -0.01435779982549207 -0.01377314416961452 -0.01297845167790192 -0.01194253843088952 -0.0107547793353482 -0.009485765445145365 -0.008240229332807056 -0.007076931755100508 -0.006064654415851108 -0.005006342689574135 -0.004181592328419095 -0.00346581743354197 -0.002794015243665298 -0.002299464748116807 -0.001898529598498866 -0.001517403547095855
 -0.001370158446082809 -0.00161645723172303 -0.001931411559098148 -0.002369594087783419 -0.002905757236459048 -0.003500586097028927 -0.004173960731045523 -0.005063093995596726 -0.005932882539328947 -0.006917592367639639 -0.007932996899095332 -0.008956949956084622 -0.009887980250761234 -0.01064474764119546 -0.01117797706134386 -0.01150043364084951 -0.01155005531798593 -0.01132800568803765 -0.01088126297554106 -0.01028224821835285 -0.009589489372618682 -0.008861747326986738 -0.008267292426239003 -0.007886935429113886 -0.007762770812274057 -0.007862462125661406 -0.008216664137033486 -0.00880683020838962 -0.009570547094992716 -0.01033590641289605 -0.01103122546374151 -0.01162177818323237 -0.01197658416252252 -0.01208641582761902 -0.01195254648759243 -0.01153144526266596 -0.01088573802823604 -0.01008032488107973 -0.009112401677429653 -0.008097773242633334 -0.007097564778945719 -0.006214756117741572 -0.005296709640746025 -0.004493239527039184 -0.003807476112854368 -0.003172155077758388 -0.002670640458297469 -0.002245873111813086 -0.0018871009934948
 -0.001610336377295286 -0.001857751541039296 -0.002188909850405169 -0.002632707223371914 -0.003129036191783625 -0.003679537878116878 -0.004315869555998042 -0.005116203622028237 -0.005908543892966911 -0.006722349159416663 -0.007512243118654977 -0.008270596710521124 -0.00890154429602107 -0.009334257319738627 -0.009523486555242086 -0.00956911125760161 -0.009352945543502149 -0.008913485689964699 -0.008324466040417327 -0.007664271532127121 -0.006990610070011029 -0.006406626399416388 -0.005835678510818308 -0.005475753658020707 -0.005335649215522893 -0.005435838585101336 -0.005800367853471298 -0.006350797046876628 -0.006971390256496234 -0.00767321389269186 -0.008433811043032974 -0.009120562412180868 -0.009674788611847002 -0.01003255786687879 -0.01018001519562148 -0.01005524837396643 -0.00974091804699766 -0.009223826296318913 -0.008531129986002186 -0.007758155005417326 -0.00695017726023995 -0.006205109144641841 -0.005378877393753965 -0.004641400416260954 -0.003995712866168497 -0.003399801352460222 -0.002932117666577524 -0.002517856865094125 -0.002168691202622497
 -0.001788675560954805 -0.002063900757204265 -0.002373093879519571 -0.002781123747977605 -0.003255145381707476 -0.003777307918277617 -0.004365157524932185 -0.005024428741680801 -0.005684773791715931 -0.006375309895933903 -0.006962860909651428 -0.007487663987250303 -0.007857788796034425 -0.008025191579846965 -0.008015619121245222 -0.007788503803506631 -0.007424718898008495 -0.006894095549959948 -0.006254891687071366 -0.005598167210126425 -0.004956201384616709 -0.004400804868378467 -0.004005375124033678 -0.00373746990225578 -0.003625419256516824 -0.003713320753357893 -0.003964471272893769 -0.004384524242211471 -0.004940254316502994 -0.005631607410905409 -0.006333117336444804 -0.007037360242866192 -0.007669223428439296 -0.008146801533281803 -0.008498851152015848 -0.008625297715494131 -0.008565561409196695 -0.008292540986304947 -0.007851610557607008 -0.007274868062928876 -0.006652574498563004 -0.006017244622812298 -0.005316736105647518 -0.004657478517026454 -0.004093526231047888 -0.003543753445727042 -0.003092785259087 -0.002705117054646235 -0.002369087306687899
 -0.001904038466016443 -0.002164228858729745 -0.002489579749187058 -0.002877428507108246 -0.003309494195973812 -0.003789751690611368 -0.004289944037604306 -0.004884945932593976 -0.005402610383755748 -0.005926460997202111 -0.006332976193729093 -0.006652822150510439 -0.006822316811138168 -0.006796068221622026 -0.006590618483646011 -0.006252747625345081 -0.005790235986494112 -0.005223206719809203 -0.004585394699792315 -0.003984311614432893 -0.003413222600006799 -0.002941242007459229 -0.002579434366967854 -0.002352102626468624 -0.002272572547580363 -0.002349392474370586 -0.002558328697975856 -0.002914989209882912 -0.003400649665647802 -0.004002944833143823 -0.004635185905735455 -0.005337561753171234 -0.005965339642896634 -0.006520473752717954 -0.006987101920368856 -0.007263203420568591 -0.007385918383794873 -0.007321450979139935 -0.00710751180246197 -0.0067123018813166 -0.00626641564516229 -0.005758203996236565 -0.005169798413671258 -0.004614436240460233 -0.00409993047520952 -0.00359547692751328 -0.003180440316533133 -0.00281617896803513 -0.002460651675898021
 -0.00198656498681261 -0.002250088890979154 -0.002555340675794957 -0.00289950706193291 -0.003304041328306511 -0.003739889479027599 -0.004165898845370306 -0.004636709897161658 -0.005065199631245557 -0.005417576927386019 -0.005676860443318353 -0.005839778798970653 -0.005846726059575742 -0.00567963141876177 -0.005381073301605102 -0.004958606793839741 -0.004469793189091987 -0.003916501855614057 -0.003340280908927698 -0.002821619021226108 -0.002346467788859826 -0.001955393941682131 -0.001666311821791321 -0.00149428003935584 -0.00143332925951456 -0.001491707374336687 -0.001661812980042125 -0.001944172749325911 -0.002340276768890496 -0.002830842554286452 -0.003387963376772732 -0.00399764560806049 -0.004608553112201339 -0.005154488154209145 -0.005689017923194748 -0.006057485326447372 -0.006302165088958549 -0.006398016725817065 -0.006323522541982529 -0.006135512626129385 -0.005797248426706127 -0.005418027818902296 -0.004960354832604489 -0.004481481206763159 -0.004034899273684537 -0.003559817364613495 -0.003187246532356705 -0.00282943804593328 -0.002533947237856844
 -0.002044507244193754 -0.002268379834724609 -0.002565643716261725 -0.002875471496949831 -0.003230603085126939 -0.003606787209278433 -0.003968162485523914 -0.004350750546721677 -0.004659399260433784 -0.004903894899391911 -0.005042705201730927 -0.005061824027637812 -0.004940841178395965 -0.004709077754163774 -0.004341721339535682 -0.003897028751790259 -0.003411794064345349 -0.002904750500318566 -0.002413393776006739 -0.001977911696412743 -0.001602947922420012 -0.001295188103342285 -0.001074141979677696 -0.0009435596821492055 -0.0008976755233944698 -0.0009375635878212947 -0.001071335257256919 -0.001281083714592676 -0.00159236683570887 -0.001995097798556625 -0.002437743301619917 -0.002969331783639405 -0.003506629002410471 -0.004048002403611949 -0.00457541377325728 -0.005003449863484355 -0.005319759161847589 -0.00552451992800265 -0.005582755608478972 -0.0055080790521859 -0.005334256279314782 -0.005054369758676171 -0.004694864579934267 -0.004315789548972677 -0.003909223571777851 -0.003506736088460188 -0.003157875908893924 -0.002825012535811957 -0.002537454329022125
 -0.002030244889639465 -0.002263844500462241 -0.002523085119698716 -0.002814260213768586 -0.003133364841021122 -0.00345454353297923 -0.003741506714098526 -0.004040659144028562 -0.004240877742182156 -0.004389492646888088 -0.004411413230551581 -0.00433640483635328 -0.004137813258921367 -0.003834594543426901 -0.003450603784483047 -0.003023009443001907 -0.002574143611394595 -0.002139559326921146 -0.00172213519814141 -0.001369841646356275 -0.001074165891161955 -0.0008444278843032352 -0.0006823282538553508 -0.0005880430411651138 -0.0005559018704303717 -0.0005859700827549682 -0.0006811006872224593 -0.0008419601012040602 -0.00107238012345915 -0.001373625982096141 -0.001747578381616682 -0.002183503879657864 -0.00265819406986269 -0.003146920896552452 -0.003642199879131458 -0.004077596073395435 -0.004441219329404438 -0.004716708797919566 -0.004887458246919617 -0.004921237717072512 -0.004837853020385198 -0.004666324559330795 -0.004412145594526345 -0.004094518106259132 -0.003782178221448378 -0.003407292571648849 -0.003080327232685071 -0.002761157905632321 -0.00250968116972888
 -0.002024520016583635 -0.002220324071071602 -0.002461918087713528 -0.002727640120835551 -0.00298187737654303 -0.003261563592207578 -0.003493299597803765 -0.003709258482179245 -0.003829874381333686 -0.00387476717305943 -0.003837727375762261 -0.003676113628336937 -0.003420109379483794 -0.003092777387351949 -0.002729886352754441 -0.002312307263258928 -0.001924766660856974 -0.001556843524903741 -0.001210013206592728 -0.0009367534132912441 -0.0007159518622498521 -0.0005470259919431217 -0.0004299428504249231 -0.0003625048877036093 -0.0003408113114331098 -0.0003632717911612329 -0.0004290877826537095 -0.0005440235566464633 -0.0007176023360120721 -0.0009471629950015604 -0.001235989965553302 -0.001585121239017456 -0.001990234405985322 -0.002408247714464237 -0.002868582274166922 -0.003281124305468574 -0.00367317293730799 -0.003973868049990694 -0.004209599683834175 -0.004336276605740521 -0.004349603295769794 -0.00427019215324121 -0.004098335692491571 -0.003875293652572765 -0.003615080985871065 -0.003306201559869637 -0.003005149851300778 -0.002708973378601539 -0.00246412926646261
 -0.001972387168004987 -0.002163034879547474 -0.002385836055155108 -0.002610706427326042 -0.002851934119177021 -0.00306296348734027 -0.003234419519190483 -0.00337305272384702 -0.003433408867409821 -0.003407150320397367 -0.003278380177927245 -0.003070605352560966 -0.002799288063547938 -0.00247478029836017 -0.002127061272940871 -0.001767649055756268 -0.001431723943916579 -0.001117297189960164 -0.000848215232811241 -0.0006400900778923167 -0.0004745963493715984 -0.0003532916553448988 -0.0002716787007333353 -0.0002241833311763472 -0.0002094191095070808 -0.0002254440159488116 -0.0002714669450229562 -0.0003548440883972836 -0.0004772014766580014 -0.0006489700953910489 -0.0008723489413482181 -0.001144076153131812 -0.001472579953263013 -0.001834603501021836 -0.002243222706694726 -0.002632748540644285 -0.002998749183014959 -0.003350466144316948 -0.003602129062695319 -0.003788952042598923 -0.003872659054199983 -0.003874078079375011 -0.003789846078104979 -0.003628992354364868 -0.003417588554269458 -0.003173211375792457 -0.002921413993182337 -0.00265366862074355 -0.002413085936605793
 -0.001912100431524685 -0.002090979276357379 -0.002294484982095367 -0.002500749195232851 -0.002686841262742987 -0.002859703252744187 -0.002972723814576476 -0.003055179428709358 -0.003040360333755306 -0.002968271641883128 -0.002793144724729111 -0.002568343843190417 -0.002275975765746432 -0.001969881986476952 -0.001647614015388104 -0.001336431502636649 -0.00105574266919258 -0.0008068110360326404 -0.0005979244833085549 -0.0004390116580974044 -0.0003157587142454641 -0.000229859671615716 -0.000171863860045259 -0.0001381249499024183 -0.0001281027593989511 -0.0001386375950752159 -0.0001715957545765563 -0.0002313591728944509 -0.0003193097433365935 -0.000445435746470568 -0.0006113930908078884 -0.0008285451149643872 -0.001092441777992728 -0.001388200750512324 -0.001734883624377467 -0.002086069995803936 -0.002429512567476543 -0.002768761689393282 -0.003064585450071011 -0.00328076159286537 -0.003432541990228893 -0.003483206178726595 -0.003470730893067922 -0.003387244114171529 -0.003234007693127122 -0.003023601694126045 -0.00282447014131478 -0.002587078671044941 -0.002352413153065603


